../../../../.git/annex/objects/0P/Gg/MD5E-s270127--237518ded490f121f1620acecfcbdf4d.tsv/MD5E-s270127--237518ded490f121f1620acecfcbdf4d.tsv