../../../../.git/annex/objects/F3/Qj/MD5E-s826074--ab381082e8716854ee2956299f3771e8.tsv/MD5E-s826074--ab381082e8716854ee2956299f3771e8.tsv