../../../../.git/annex/objects/43/6X/MD5E-s4080896--e97c9be200fe626ada79eafca08db131.tsv/MD5E-s4080896--e97c9be200fe626ada79eafca08db131.tsv