../../../../.git/annex/objects/Wf/VX/MD5E-s42759--29227e53d1edc255b8f109f19b336451.tsv/MD5E-s42759--29227e53d1edc255b8f109f19b336451.tsv