../../../../.git/annex/objects/17/2v/MD5E-s4075414--9a51f2ab63b930653102749e89b8b08d.tsv/MD5E-s4075414--9a51f2ab63b930653102749e89b8b08d.tsv