../../../../.git/annex/objects/mp/xV/MD5E-s4082268--edc680c0ec92eeb32220dd1a5699be2a.tsv/MD5E-s4082268--edc680c0ec92eeb32220dd1a5699be2a.tsv