../../../../.git/annex/objects/vM/44/MD5E-s25501304--25c21d307090bcdf7a85d1eeb595e217.tsv/MD5E-s25501304--25c21d307090bcdf7a85d1eeb595e217.tsv