../../../../.git/annex/objects/XM/W7/MD5E-s1235--98383479f973190c779770957ea309ee.tsv/MD5E-s1235--98383479f973190c779770957ea309ee.tsv