../../../../.git/annex/objects/kw/j0/MD5E-s270045--bde492835bda87533bf57104e1f90502.tsv/MD5E-s270045--bde492835bda87533bf57104e1f90502.tsv