../../../../.git/annex/objects/pG/x8/MD5E-s7353--f37a2e77279586202a3ac705c7f076ed.tsv/MD5E-s7353--f37a2e77279586202a3ac705c7f076ed.tsv