../../../../.git/annex/objects/gX/kw/MD5E-s2287218--afaedb42ae5787d3c45537e8744bca45.tsv/MD5E-s2287218--afaedb42ae5787d3c45537e8744bca45.tsv