../../../../.git/annex/objects/X2/xv/MD5E-s7337--d1b26058257dee4d8d2242b4aed72699.tsv/MD5E-s7337--d1b26058257dee4d8d2242b4aed72699.tsv