../../../../.git/annex/objects/q2/kq/MD5E-s2285394--d9ff15e23b2b73fff0e3603f3a4b4ff9.tsv/MD5E-s2285394--d9ff15e23b2b73fff0e3603f3a4b4ff9.tsv