../../../../.git/annex/objects/x8/Pf/MD5E-s4080762--a44d6310b002a63217da3ab6a0e450aa.tsv/MD5E-s4080762--a44d6310b002a63217da3ab6a0e450aa.tsv