../../../../.git/annex/objects/xM/qZ/MD5E-s4072438--b4243ee145730c577b29d3e99dfc26d8.tsv/MD5E-s4072438--b4243ee145730c577b29d3e99dfc26d8.tsv