../../../../.git/annex/objects/fM/M9/MD5E-s58672--b26baae45df7b95eb373e2108dd5732b.tsv/MD5E-s58672--b26baae45df7b95eb373e2108dd5732b.tsv