../../../../.git/annex/objects/kW/J5/MD5E-s42679--f8a24e498bb321563e08e043f6bd9720.tsv/MD5E-s42679--f8a24e498bb321563e08e043f6bd9720.tsv