../../../../.git/annex/objects/7P/Wx/MD5E-s11201--236c7664022aa1a1f0f27b64c1ad4f8b.tsv/MD5E-s11201--236c7664022aa1a1f0f27b64c1ad4f8b.tsv