../../../../.git/annex/objects/3K/0m/MD5E-s7365--d34d17107acb127131feb939947a9ae7.tsv/MD5E-s7365--d34d17107acb127131feb939947a9ae7.tsv